PRINCIPAL COMPONENTS: EXPLAINED VARIANCE
Features: ['alpha_ratio', 'automated_readability_index', 'coleman_liau_index', 'contains_lorem ipsum', 'dependency_distance_mean', 'dependency_distance_std', 'doc_length', 'duplicate_line_chr_fraction', 'duplicate_ngram_chr_fraction_10', 'duplicate_ngram_chr_fraction_5', 'duplicate_ngram_chr_fraction_6', 'duplicate_ngram_chr_fraction_7', 'duplicate_ngram_chr_fraction_8', 'duplicate_ngram_chr_fraction_9', 'duplicate_paragraph_chr_fraction', 'entropy', 'flesch_kincaid_grade', 'flesch_reading_ease', 'gunning_fog', 'lix', 'mean_word_length', 'n_characters', 'n_sentences', 'n_stop_words', 'n_tokens', 'n_unique_tokens', 'oov_ratio', 'passed_quality_check', 'perplexity', 'pos_prop_ADJ', 'pos_prop_ADP', 'pos_prop_ADV', 'pos_prop_AUX', 'pos_prop_CCONJ', 'pos_prop_DET', 'pos_prop_INTJ', 'pos_prop_NOUN', 'pos_prop_NUM', 'pos_prop_PART', 'pos_prop_PRON', 'pos_prop_PROPN', 'pos_prop_SCONJ', 'pos_prop_SYM', 'pos_prop_VERB', 'pos_prop_X', 'prop_adjacent_dependency_relation_mean', 'prop_adjacent_dependency_relation_std', 'proportion_bullet_points', 'proportion_ellipsis', 'proportion_unique_tokens', 'rix', 'sentence_length_mean', 'sentence_length_median', 'sentence_length_std', 'syllables_per_token_mean', 'syllables_per_token_median', 'syllables_per_token_std', 'symbol_to_word_ratio_#', 'token_length_mean', 'token_length_median', 'token_length_std', 'top_ngram_chr_fraction_2', 'top_ngram_chr_fraction_3', 'top_ngram_chr_fraction_4']
pca_1: 0.24127285
pca_2: 0.17273873
pca_3: 0.07656753
pca_4: 0.03961688
pca_5: 0.03563985
pca_6: 0.02995629
pca_7: 0.02779202
pca_8: 0.02566564
pca_9: 0.02172445
pca_10: 0.02006128
pca_11: 0.01833278
pca_12: 0.01757934
pca_13: 0.01683776
pca_14: 0.01640632
pca_15: 0.01622126
pca_16: 0.01616994
pca_17: 0.01539539
pca_18: 0.01487956
pca_19: 0.01392965
pca_20: 0.01378541
pca_21: 0.01305768
pca_22: 0.01243677
pca_23: 0.01156443
pca_24: 0.01062261
pca_25: 0.00960454
pca_26: 0.00888803
pca_27: 0.00832214
pca_28: 0.00800054
pca_29: 0.00779610
pca_30: 0.00741538
pca_31: 0.00641346
pca_32: 0.00598666
pca_33: 0.00506593
pca_34: 0.00439778
pca_35: 0.00410786
pca_36: 0.00348971
pca_37: 0.00310563
pca_38: 0.00303150
pca_39: 0.00253598
pca_40: 0.00225919
pca_41: 0.00191349
pca_42: 0.00173431
pca_43: 0.00123391
pca_44: 0.00114902
pca_45: 0.00093759
pca_46: 0.00084761
pca_47: 0.00072247
pca_48: 0.00063517
pca_49: 0.00048931
pca_50: 0.00046114
pca_51: 0.00029113
pca_52: 0.00028336
pca_53: 0.00025084
pca_54: 0.00016276
pca_55: 0.00010099
pca_56: 0.00008795
pca_57: 0.00001727
pca_58: 0.00000684
pca_59: 0.00000000
pca_60: 0.00000000
pca_61: 0.00000000
pca_62: 0.00000000
pca_63: 0.00000000
pca_64: 0.00000000
