PRINCIPAL COMPONENTS: EXPLAINED VARIANCE
Features: ['alpha_ratio', 'automated_readability_index', 'coleman_liau_index', 'contains_lorem ipsum', 'dependency_distance_mean', 'dependency_distance_std', 'doc_length', 'duplicate_line_chr_fraction', 'duplicate_ngram_chr_fraction_10', 'duplicate_ngram_chr_fraction_5', 'duplicate_ngram_chr_fraction_6', 'duplicate_ngram_chr_fraction_7', 'duplicate_ngram_chr_fraction_8', 'duplicate_ngram_chr_fraction_9', 'duplicate_paragraph_chr_fraction', 'entropy', 'flesch_kincaid_grade', 'flesch_reading_ease', 'gunning_fog', 'lix', 'mean_word_length', 'n_characters', 'n_sentences', 'n_stop_words', 'n_tokens', 'n_unique_tokens', 'oov_ratio', 'passed_quality_check', 'per_word_perplexity', 'perplexity', 'pos_prop_ADJ', 'pos_prop_ADP', 'pos_prop_ADV', 'pos_prop_AUX', 'pos_prop_CCONJ', 'pos_prop_DET', 'pos_prop_INTJ', 'pos_prop_NOUN', 'pos_prop_NUM', 'pos_prop_PART', 'pos_prop_PRON', 'pos_prop_PROPN', 'pos_prop_SCONJ', 'pos_prop_SYM', 'pos_prop_VERB', 'pos_prop_X', 'prop_adjacent_dependency_relation_mean', 'prop_adjacent_dependency_relation_std', 'proportion_bullet_points', 'proportion_ellipsis', 'proportion_unique_tokens', 'rix', 'sentence_length_mean', 'sentence_length_median', 'sentence_length_std', 'syllables_per_token_mean', 'syllables_per_token_median', 'syllables_per_token_std', 'symbol_to_word_ratio_#', 'token_length_mean', 'token_length_median', 'token_length_std', 'top_ngram_chr_fraction_2', 'top_ngram_chr_fraction_3', 'top_ngram_chr_fraction_4']
pca_1: 0.25019330
pca_2: 0.11155076
pca_3: 0.08092104
pca_4: 0.05254535
pca_5: 0.04003644
pca_6: 0.03357936
pca_7: 0.02808410
pca_8: 0.02600205
pca_9: 0.02367642
pca_10: 0.02171653
pca_11: 0.02089813
pca_12: 0.01933431
pca_13: 0.01785734
pca_14: 0.01671932
pca_15: 0.01640602
pca_16: 0.01627184
pca_17: 0.01585185
pca_18: 0.01547628
pca_19: 0.01447713
pca_20: 0.01358066
pca_21: 0.01345688
pca_22: 0.01307284
pca_23: 0.01225754
pca_24: 0.01112876
pca_25: 0.01035659
pca_26: 0.00969786
pca_27: 0.00958561
pca_28: 0.00914347
pca_29: 0.00874535
pca_30: 0.00705013
pca_31: 0.00668186
pca_32: 0.00619180
pca_33: 0.00576170
pca_34: 0.00538644
pca_35: 0.00491169
pca_36: 0.00456712
pca_37: 0.00378052
pca_38: 0.00363908
pca_39: 0.00327410
pca_40: 0.00282102
pca_41: 0.00194062
pca_42: 0.00178268
pca_43: 0.00168085
pca_44: 0.00164461
pca_45: 0.00102552
pca_46: 0.00100431
pca_47: 0.00086061
pca_48: 0.00084813
pca_49: 0.00059801
pca_50: 0.00049350
pca_51: 0.00044476
pca_52: 0.00030659
pca_53: 0.00024668
pca_54: 0.00016959
pca_55: 0.00010020
pca_56: 0.00009432
pca_57: 0.00004293
pca_58: 0.00002750
pca_59: 0.00000000
pca_60: 0.00000000
pca_61: 0.00000000
pca_62: 0.00000000
pca_63: 0.00000000
pca_64: 0.00000000
pca_65: 0.00000000
