PRINCIPAL COMPONENTS: EXPLAINED VARIANCE
Features: ['alpha_ratio', 'automated_readability_index', 'coleman_liau_index', 'dependency_distance_mean', 'dependency_distance_std', 'doc_length', 'duplicate_ngram_chr_fraction_5', 'duplicate_ngram_chr_fraction_6', 'entropy', 'flesch_kincaid_grade', 'flesch_reading_ease', 'gunning_fog', 'lix', 'mean_word_length', 'n_characters', 'n_sentences', 'n_stop_words', 'n_tokens', 'n_unique_tokens', 'oov_ratio', 'passed_quality_check', 'per_word_perplexity', 'perplexity', 'pos_prop_ADJ', 'pos_prop_ADP', 'pos_prop_ADV', 'pos_prop_AUX', 'pos_prop_CCONJ', 'pos_prop_DET', 'pos_prop_INTJ', 'pos_prop_NOUN', 'pos_prop_NUM', 'pos_prop_PART', 'pos_prop_PRON', 'pos_prop_PROPN', 'pos_prop_SCONJ', 'pos_prop_VERB', 'pos_prop_X', 'prop_adjacent_dependency_relation_mean', 'prop_adjacent_dependency_relation_std', 'proportion_unique_tokens', 'rix', 'sentence_length_mean', 'sentence_length_median', 'sentence_length_std', 'syllables_per_token_mean', 'syllables_per_token_median', 'syllables_per_token_std', 'token_length_mean', 'token_length_median', 'token_length_std', 'top_ngram_chr_fraction_2', 'top_ngram_chr_fraction_3', 'top_ngram_chr_fraction_4']
pca_1: 0.28254652
pca_2: 0.12551502
pca_3: 0.05933335
pca_4: 0.04524805
pca_5: 0.03881841
pca_6: 0.03339430
pca_7: 0.02956744
pca_8: 0.02924335
pca_9: 0.02533964
pca_10: 0.02409726
pca_11: 0.02237302
pca_12: 0.02017463
pca_13: 0.01906967
pca_14: 0.01839221
pca_15: 0.01771296
pca_16: 0.01735966
pca_17: 0.01635411
pca_18: 0.01534520
pca_19: 0.01509909
pca_20: 0.01459336
pca_21: 0.01382085
pca_22: 0.01258674
pca_23: 0.01107904
pca_24: 0.01083365
pca_25: 0.01000379
pca_26: 0.00796707
pca_27: 0.00759382
pca_28: 0.00700330
pca_29: 0.00651353
pca_30: 0.00608429
pca_31: 0.00554955
pca_32: 0.00521463
pca_33: 0.00423195
pca_34: 0.00372505
pca_35: 0.00342578
pca_36: 0.00319424
pca_37: 0.00221488
pca_38: 0.00192035
pca_39: 0.00186356
pca_40: 0.00116025
pca_41: 0.00112453
pca_42: 0.00096850
pca_43: 0.00068590
pca_44: 0.00051161
pca_45: 0.00034762
pca_46: 0.00028028
pca_47: 0.00021674
pca_48: 0.00011369
pca_49: 0.00010708
pca_50: 0.00004919
pca_51: 0.00003132
pca_52: 0.00000000
pca_53: 0.00000000
pca_54: 0.00000000
