PRINCIPAL COMPONENTS: EXPLAINED VARIANCE
Features: ['alpha_ratio', 'automated_readability_index', 'coleman_liau_index', 'contains_lorem ipsum', 'dependency_distance_mean', 'dependency_distance_std', 'doc_length', 'duplicate_line_chr_fraction', 'duplicate_ngram_chr_fraction_10', 'duplicate_ngram_chr_fraction_5', 'duplicate_ngram_chr_fraction_6', 'duplicate_ngram_chr_fraction_7', 'duplicate_ngram_chr_fraction_8', 'duplicate_ngram_chr_fraction_9', 'duplicate_paragraph_chr_fraction', 'entropy', 'flesch_kincaid_grade', 'flesch_reading_ease', 'gunning_fog', 'lix', 'mean_word_length', 'n_characters', 'n_sentences', 'n_stop_words', 'n_tokens', 'n_unique_tokens', 'oov_ratio', 'passed_quality_check', 'per_word_perplexity', 'perplexity', 'pos_prop_ADJ', 'pos_prop_ADP', 'pos_prop_ADV', 'pos_prop_AUX', 'pos_prop_CCONJ', 'pos_prop_DET', 'pos_prop_INTJ', 'pos_prop_NOUN', 'pos_prop_NUM', 'pos_prop_PART', 'pos_prop_PRON', 'pos_prop_PROPN', 'pos_prop_SCONJ', 'pos_prop_SYM', 'pos_prop_VERB', 'pos_prop_X', 'prop_adjacent_dependency_relation_mean', 'prop_adjacent_dependency_relation_std', 'proportion_bullet_points', 'proportion_ellipsis', 'proportion_unique_tokens', 'rix', 'sentence_length_mean', 'sentence_length_median', 'sentence_length_std', 'syllables_per_token_mean', 'syllables_per_token_median', 'syllables_per_token_std', 'symbol_to_word_ratio_#', 'token_length_mean', 'token_length_median', 'token_length_std', 'top_ngram_chr_fraction_2', 'top_ngram_chr_fraction_3', 'top_ngram_chr_fraction_4']
pca_1: 0.21230182
pca_2: 0.10908304
pca_3: 0.07340171
pca_4: 0.05708256
pca_5: 0.03836574
pca_6: 0.03782860
pca_7: 0.02830039
pca_8: 0.02759004
pca_9: 0.02551133
pca_10: 0.02378179
pca_11: 0.02027097
pca_12: 0.01926889
pca_13: 0.01754428
pca_14: 0.01705810
pca_15: 0.01644836
pca_16: 0.01600194
pca_17: 0.01588911
pca_18: 0.01578172
pca_19: 0.01509550
pca_20: 0.01496876
pca_21: 0.01460349
pca_22: 0.01416473
pca_23: 0.01340911
pca_24: 0.01315787
pca_25: 0.01262691
pca_26: 0.01149103
pca_27: 0.01000018
pca_28: 0.00970499
pca_29: 0.00966006
pca_30: 0.00926325
pca_31: 0.00855327
pca_32: 0.00837407
pca_33: 0.00747802
pca_34: 0.00669557
pca_35: 0.00646317
pca_36: 0.00579502
pca_37: 0.00543916
pca_38: 0.00502703
pca_39: 0.00467910
pca_40: 0.00316529
pca_41: 0.00300193
pca_42: 0.00270043
pca_43: 0.00262906
pca_44: 0.00196260
pca_45: 0.00176144
pca_46: 0.00133677
pca_47: 0.00130312
pca_48: 0.00105174
pca_49: 0.00078531
pca_50: 0.00060310
pca_51: 0.00040858
pca_52: 0.00029951
pca_53: 0.00027884
pca_54: 0.00021536
pca_55: 0.00013248
pca_56: 0.00011912
pca_57: 0.00003069
pca_58: 0.00002890
pca_59: 0.00001791
pca_60: 0.00000716
pca_61: 0.00000000
pca_62: 0.00000000
pca_63: 0.00000000
pca_64: 0.00000000
pca_65: 0.00000000
