PRINCIPAL COMPONENTS: EXPLAINED VARIANCE
Features: ['alpha_ratio', 'automated_readability_index', 'coleman_liau_index', 'dependency_distance_mean', 'dependency_distance_std', 'doc_length', 'duplicate_ngram_chr_fraction_5', 'duplicate_ngram_chr_fraction_6', 'entropy', 'flesch_kincaid_grade', 'flesch_reading_ease', 'gunning_fog', 'lix', 'mean_word_length', 'n_characters', 'n_sentences', 'n_stop_words', 'n_tokens', 'n_unique_tokens', 'oov_ratio', 'passed_quality_check', 'per_word_perplexity', 'perplexity', 'pos_prop_ADJ', 'pos_prop_ADP', 'pos_prop_ADV', 'pos_prop_AUX', 'pos_prop_CCONJ', 'pos_prop_DET', 'pos_prop_INTJ', 'pos_prop_NOUN', 'pos_prop_NUM', 'pos_prop_PART', 'pos_prop_PRON', 'pos_prop_PROPN', 'pos_prop_SCONJ', 'pos_prop_VERB', 'pos_prop_X', 'prop_adjacent_dependency_relation_mean', 'prop_adjacent_dependency_relation_std', 'proportion_unique_tokens', 'rix', 'sentence_length_mean', 'sentence_length_median', 'sentence_length_std', 'syllables_per_token_mean', 'syllables_per_token_median', 'syllables_per_token_std', 'token_length_mean', 'token_length_median', 'token_length_std', 'top_ngram_chr_fraction_2', 'top_ngram_chr_fraction_3', 'top_ngram_chr_fraction_4']
pca_1: 0.24705628
pca_2: 0.12458444
pca_3: 0.06709004
pca_4: 0.04499452
pca_5: 0.04390707
pca_6: 0.03827141
pca_7: 0.03248624
pca_8: 0.03181367
pca_9: 0.02718668
pca_10: 0.02347113
pca_11: 0.02250198
pca_12: 0.02172698
pca_13: 0.02014452
pca_14: 0.01857319
pca_15: 0.01789341
pca_16: 0.01766159
pca_17: 0.01699593
pca_18: 0.01656606
pca_19: 0.01555223
pca_20: 0.01539700
pca_21: 0.01450127
pca_22: 0.01215596
pca_23: 0.01184551
pca_24: 0.01130777
pca_25: 0.01079802
pca_26: 0.00978136
pca_27: 0.00917913
pca_28: 0.00800115
pca_29: 0.00758753
pca_30: 0.00682040
pca_31: 0.00588893
pca_32: 0.00548369
pca_33: 0.00399346
pca_34: 0.00370829
pca_35: 0.00341636
pca_36: 0.00310360
pca_37: 0.00231406
pca_38: 0.00152734
pca_39: 0.00123093
pca_40: 0.00093146
pca_41: 0.00071417
pca_42: 0.00049427
pca_43: 0.00035910
pca_44: 0.00032568
pca_45: 0.00025862
pca_46: 0.00015647
pca_47: 0.00013970
pca_48: 0.00003739
pca_49: 0.00003401
pca_50: 0.00002159
pca_51: 0.00000841
pca_52: 0.00000000
pca_53: 0.00000000
pca_54: 0.00000000
