PRINCIPAL COMPONENTS: EXPLAINED VARIANCE
Features: ['alpha_ratio', 'automated_readability_index', 'coleman_liau_index', 'dependency_distance_mean', 'dependency_distance_std', 'doc_length', 'duplicate_ngram_chr_fraction_5', 'duplicate_ngram_chr_fraction_6', 'entropy', 'flesch_kincaid_grade', 'flesch_reading_ease', 'gunning_fog', 'lix', 'mean_word_length', 'n_characters', 'n_sentences', 'n_stop_words', 'n_tokens', 'n_unique_tokens', 'oov_ratio', 'passed_quality_check', 'per_word_perplexity', 'perplexity', 'pos_prop_ADJ', 'pos_prop_ADP', 'pos_prop_ADV', 'pos_prop_AUX', 'pos_prop_CCONJ', 'pos_prop_DET', 'pos_prop_INTJ', 'pos_prop_NOUN', 'pos_prop_NUM', 'pos_prop_PART', 'pos_prop_PRON', 'pos_prop_PROPN', 'pos_prop_SCONJ', 'pos_prop_VERB', 'pos_prop_X', 'prop_adjacent_dependency_relation_mean', 'prop_adjacent_dependency_relation_std', 'proportion_unique_tokens', 'rix', 'sentence_length_mean', 'sentence_length_median', 'sentence_length_std', 'syllables_per_token_mean', 'syllables_per_token_median', 'syllables_per_token_std', 'token_length_mean', 'token_length_median', 'token_length_std', 'top_ngram_chr_fraction_2', 'top_ngram_chr_fraction_3', 'top_ngram_chr_fraction_4']
pca_1: 0.21611518
pca_2: 0.14229223
pca_3: 0.09376343
pca_4: 0.04911600
pca_5: 0.04224148
pca_6: 0.04113268
pca_7: 0.03527308
pca_8: 0.02882643
pca_9: 0.02605623
pca_10: 0.02413156
pca_11: 0.02333408
pca_12: 0.02145414
pca_13: 0.01935555
pca_14: 0.01827708
pca_15: 0.01729388
pca_16: 0.01707562
pca_17: 0.01668188
pca_18: 0.01533335
pca_19: 0.01346970
pca_20: 0.01327815
pca_21: 0.01294914
pca_22: 0.01231596
pca_23: 0.01123023
pca_24: 0.01091142
pca_25: 0.00990587
pca_26: 0.00971724
pca_27: 0.00892434
pca_28: 0.00753923
pca_29: 0.00626086
pca_30: 0.00580692
pca_31: 0.00522114
pca_32: 0.00417798
pca_33: 0.00394324
pca_34: 0.00358185
pca_35: 0.00285041
pca_36: 0.00243134
pca_37: 0.00173590
pca_38: 0.00152459
pca_39: 0.00112570
pca_40: 0.00086575
pca_41: 0.00071184
pca_42: 0.00052936
pca_43: 0.00035089
pca_44: 0.00027125
pca_45: 0.00021294
pca_46: 0.00019653
pca_47: 0.00008403
pca_48: 0.00005166
pca_49: 0.00003377
pca_50: 0.00003152
pca_51: 0.00000536
pca_52: 0.00000000
pca_53: 0.00000000
pca_54: 0.00000000
