PRINCIPAL COMPONENTS: EXPLAINED VARIANCE
Features: ['alpha_ratio', 'automated_readability_index', 'coleman_liau_index', 'contains_lorem ipsum', 'dependency_distance_mean', 'dependency_distance_std', 'doc_length', 'duplicate_line_chr_fraction', 'duplicate_ngram_chr_fraction_10', 'duplicate_ngram_chr_fraction_5', 'duplicate_ngram_chr_fraction_6', 'duplicate_ngram_chr_fraction_7', 'duplicate_ngram_chr_fraction_8', 'duplicate_ngram_chr_fraction_9', 'duplicate_paragraph_chr_fraction', 'entropy', 'flesch_kincaid_grade', 'flesch_reading_ease', 'gunning_fog', 'lix', 'mean_word_length', 'n_characters', 'n_sentences', 'n_stop_words', 'n_tokens', 'n_unique_tokens', 'oov_ratio', 'passed_quality_check', 'per_word_perplexity', 'perplexity', 'pos_prop_ADJ', 'pos_prop_ADP', 'pos_prop_ADV', 'pos_prop_AUX', 'pos_prop_CCONJ', 'pos_prop_DET', 'pos_prop_INTJ', 'pos_prop_NOUN', 'pos_prop_NUM', 'pos_prop_PART', 'pos_prop_PRON', 'pos_prop_PROPN', 'pos_prop_SCONJ', 'pos_prop_SYM', 'pos_prop_VERB', 'pos_prop_X', 'prop_adjacent_dependency_relation_mean', 'prop_adjacent_dependency_relation_std', 'proportion_bullet_points', 'proportion_ellipsis', 'proportion_unique_tokens', 'rix', 'sentence_length_mean', 'sentence_length_median', 'sentence_length_std', 'syllables_per_token_mean', 'syllables_per_token_median', 'syllables_per_token_std', 'symbol_to_word_ratio_#', 'token_length_mean', 'token_length_median', 'token_length_std', 'top_ngram_chr_fraction_2', 'top_ngram_chr_fraction_3', 'top_ngram_chr_fraction_4']
pca_1: 0.19183873
pca_2: 0.12604653
pca_3: 0.08362843
pca_4: 0.06929690
pca_5: 0.04510469
pca_6: 0.03737711
pca_7: 0.03526866
pca_8: 0.02701000
pca_9: 0.02632995
pca_10: 0.02180900
pca_11: 0.02100223
pca_12: 0.01928979
pca_13: 0.01771267
pca_14: 0.01713225
pca_15: 0.01675062
pca_16: 0.01658655
pca_17: 0.01599942
pca_18: 0.01538652
pca_19: 0.01514532
pca_20: 0.01457398
pca_21: 0.01327072
pca_22: 0.01282342
pca_23: 0.01181564
pca_24: 0.01146641
pca_25: 0.01115915
pca_26: 0.00994481
pca_27: 0.00961035
pca_28: 0.00939536
pca_29: 0.00868686
pca_30: 0.00790398
pca_31: 0.00760361
pca_32: 0.00664944
pca_33: 0.00565147
pca_34: 0.00547810
pca_35: 0.00512714
pca_36: 0.00460997
pca_37: 0.00367381
pca_38: 0.00344172
pca_39: 0.00308774
pca_40: 0.00250474
pca_41: 0.00242299
pca_42: 0.00214116
pca_43: 0.00153693
pca_44: 0.00150109
pca_45: 0.00134482
pca_46: 0.00097438
pca_47: 0.00075939
pca_48: 0.00061092
pca_49: 0.00046139
pca_50: 0.00030695
pca_51: 0.00023960
pca_52: 0.00018157
pca_53: 0.00014311
pca_54: 0.00007379
pca_55: 0.00004569
pca_56: 0.00002985
pca_57: 0.00002786
pca_58: 0.00000472
pca_59: 0.00000000
pca_60: 0.00000000
pca_61: 0.00000000
pca_62: 0.00000000
pca_63: 0.00000000
pca_64: 0.00000000
pca_65: 0.00000000
