PRINCIPAL COMPONENTS: EXPLAINED VARIANCE
Features: ['alpha_ratio', 'automated_readability_index', 'coleman_liau_index', 'contains_lorem ipsum', 'dependency_distance_mean', 'dependency_distance_std', 'doc_length', 'duplicate_line_chr_fraction', 'duplicate_ngram_chr_fraction_10', 'duplicate_ngram_chr_fraction_5', 'duplicate_ngram_chr_fraction_6', 'duplicate_ngram_chr_fraction_7', 'duplicate_ngram_chr_fraction_8', 'duplicate_ngram_chr_fraction_9', 'duplicate_paragraph_chr_fraction', 'entropy', 'flesch_kincaid_grade', 'flesch_reading_ease', 'gunning_fog', 'lix', 'mean_word_length', 'n_characters', 'n_sentences', 'n_stop_words', 'n_tokens', 'n_unique_tokens', 'oov_ratio', 'passed_quality_check', 'per_word_perplexity', 'perplexity', 'pos_prop_ADJ', 'pos_prop_ADP', 'pos_prop_ADV', 'pos_prop_AUX', 'pos_prop_CCONJ', 'pos_prop_DET', 'pos_prop_INTJ', 'pos_prop_NOUN', 'pos_prop_NUM', 'pos_prop_PART', 'pos_prop_PRON', 'pos_prop_PROPN', 'pos_prop_SCONJ', 'pos_prop_SYM', 'pos_prop_VERB', 'pos_prop_X', 'prop_adjacent_dependency_relation_mean', 'prop_adjacent_dependency_relation_std', 'proportion_bullet_points', 'proportion_ellipsis', 'proportion_unique_tokens', 'rix', 'sentence_length_mean', 'sentence_length_median', 'sentence_length_std', 'syllables_per_token_mean', 'syllables_per_token_median', 'syllables_per_token_std', 'symbol_to_word_ratio_#', 'token_length_mean', 'token_length_median', 'token_length_std', 'top_ngram_chr_fraction_2', 'top_ngram_chr_fraction_3', 'top_ngram_chr_fraction_4']
pca_1: 0.23963035
pca_2: 0.11378088
pca_3: 0.11065754
pca_4: 0.06059291
pca_5: 0.04594737
pca_6: 0.03995546
pca_7: 0.03233737
pca_8: 0.02859715
pca_9: 0.02072388
pca_10: 0.01965511
pca_11: 0.01889845
pca_12: 0.01828921
pca_13: 0.01814398
pca_14: 0.01576786
pca_15: 0.01552749
pca_16: 0.01516732
pca_17: 0.01508555
pca_18: 0.01310789
pca_19: 0.01270135
pca_20: 0.01221116
pca_21: 0.01117924
pca_22: 0.01056678
pca_23: 0.01021402
pca_24: 0.00941413
pca_25: 0.00866883
pca_26: 0.00827704
pca_27: 0.00749562
pca_28: 0.00726126
pca_29: 0.00698044
pca_30: 0.00655600
pca_31: 0.00584478
pca_32: 0.00564886
pca_33: 0.00477575
pca_34: 0.00416261
pca_35: 0.00362708
pca_36: 0.00349137
pca_37: 0.00307920
pca_38: 0.00255666
pca_39: 0.00228733
pca_40: 0.00211230
pca_41: 0.00203489
pca_42: 0.00144523
pca_43: 0.00112273
pca_44: 0.00077213
pca_45: 0.00074968
pca_46: 0.00051600
pca_47: 0.00047867
pca_48: 0.00044696
pca_49: 0.00036374
pca_50: 0.00028186
pca_51: 0.00024986
pca_52: 0.00016951
pca_53: 0.00014853
pca_54: 0.00010502
pca_55: 0.00005997
pca_56: 0.00003723
pca_57: 0.00002347
pca_58: 0.00001387
pca_59: 0.00000309
pca_60: 0.00000000
pca_61: 0.00000000
pca_62: 0.00000000
pca_63: 0.00000000
pca_64: 0.00000000
pca_65: 0.00000000
