PRINCIPAL COMPONENTS: EXPLAINED VARIANCE
Features: ['alpha_ratio', 'automated_readability_index', 'coleman_liau_index', 'dependency_distance_mean', 'dependency_distance_std', 'doc_length', 'duplicate_ngram_chr_fraction_5', 'duplicate_ngram_chr_fraction_6', 'entropy', 'flesch_kincaid_grade', 'flesch_reading_ease', 'gunning_fog', 'lix', 'mean_word_length', 'n_characters', 'n_sentences', 'n_stop_words', 'n_tokens', 'n_unique_tokens', 'oov_ratio', 'passed_quality_check', 'per_word_perplexity', 'perplexity', 'pos_prop_ADJ', 'pos_prop_ADP', 'pos_prop_ADV', 'pos_prop_AUX', 'pos_prop_CCONJ', 'pos_prop_DET', 'pos_prop_INTJ', 'pos_prop_NOUN', 'pos_prop_NUM', 'pos_prop_PART', 'pos_prop_PRON', 'pos_prop_PROPN', 'pos_prop_SCONJ', 'pos_prop_VERB', 'pos_prop_X', 'prop_adjacent_dependency_relation_mean', 'prop_adjacent_dependency_relation_std', 'proportion_unique_tokens', 'rix', 'sentence_length_mean', 'sentence_length_median', 'sentence_length_std', 'syllables_per_token_mean', 'syllables_per_token_median', 'syllables_per_token_std', 'token_length_mean', 'token_length_median', 'token_length_std', 'top_ngram_chr_fraction_2', 'top_ngram_chr_fraction_3', 'top_ngram_chr_fraction_4']
pca_1: 0.27388476
pca_2: 0.12906034
pca_3: 0.08564157
pca_4: 0.06670513
pca_5: 0.04700985
pca_6: 0.03965796
pca_7: 0.03699650
pca_8: 0.02874476
pca_9: 0.02220045
pca_10: 0.02104818
pca_11: 0.01974439
pca_12: 0.01832880
pca_13: 0.01774667
pca_14: 0.01608939
pca_15: 0.01472397
pca_16: 0.01410318
pca_17: 0.01396430
pca_18: 0.01226275
pca_19: 0.01170424
pca_20: 0.01074800
pca_21: 0.01014507
pca_22: 0.00968970
pca_23: 0.00918851
pca_24: 0.00856610
pca_25: 0.00786302
pca_26: 0.00773993
pca_27: 0.00684809
pca_28: 0.00601730
pca_29: 0.00516847
pca_30: 0.00446993
pca_31: 0.00401671
pca_32: 0.00374831
pca_33: 0.00294443
pca_34: 0.00267961
pca_35: 0.00245361
pca_36: 0.00242297
pca_37: 0.00132033
pca_38: 0.00107865
pca_39: 0.00093602
pca_40: 0.00055292
pca_41: 0.00051512
pca_42: 0.00032490
pca_43: 0.00029308
pca_44: 0.00019720
pca_45: 0.00017184
pca_46: 0.00012090
pca_47: 0.00007196
pca_48: 0.00004355
pca_49: 0.00002700
pca_50: 0.00001602
pca_51: 0.00000355
pca_52: 0.00000000
pca_53: 0.00000000
pca_54: 0.00000000
