PRINCIPAL COMPONENTS: EXPLAINED VARIANCE
Features: ['alpha_ratio', 'automated_readability_index', 'coleman_liau_index', 'contains_lorem ipsum', 'dependency_distance_mean', 'dependency_distance_std', 'doc_length', 'duplicate_line_chr_fraction', 'duplicate_ngram_chr_fraction_10', 'duplicate_ngram_chr_fraction_5', 'duplicate_ngram_chr_fraction_6', 'duplicate_ngram_chr_fraction_7', 'duplicate_ngram_chr_fraction_8', 'duplicate_ngram_chr_fraction_9', 'duplicate_paragraph_chr_fraction', 'entropy', 'flesch_kincaid_grade', 'flesch_reading_ease', 'gunning_fog', 'lix', 'mean_word_length', 'n_characters', 'n_sentences', 'n_stop_words', 'n_tokens', 'n_unique_tokens', 'oov_ratio', 'passed_quality_check', 'perplexity', 'pos_prop_ADJ', 'pos_prop_ADP', 'pos_prop_ADV', 'pos_prop_AUX', 'pos_prop_CCONJ', 'pos_prop_DET', 'pos_prop_INTJ', 'pos_prop_NOUN', 'pos_prop_NUM', 'pos_prop_PART', 'pos_prop_PRON', 'pos_prop_PROPN', 'pos_prop_SCONJ', 'pos_prop_SYM', 'pos_prop_VERB', 'pos_prop_X', 'prop_adjacent_dependency_relation_mean', 'prop_adjacent_dependency_relation_std', 'proportion_bullet_points', 'proportion_ellipsis', 'proportion_unique_tokens', 'rix', 'sentence_length_mean', 'sentence_length_median', 'sentence_length_std', 'syllables_per_token_mean', 'syllables_per_token_median', 'syllables_per_token_std', 'symbol_to_word_ratio_#', 'token_length_mean', 'token_length_median', 'token_length_std', 'top_ngram_chr_fraction_2', 'top_ngram_chr_fraction_3', 'top_ngram_chr_fraction_4']
pca_1: 0.23665027
pca_2: 0.17298389
pca_3: 0.07522079
pca_4: 0.03887823
pca_5: 0.03600668
pca_6: 0.02958396
pca_7: 0.02639820
pca_8: 0.02500053
pca_9: 0.02133140
pca_10: 0.01979401
pca_11: 0.01789876
pca_12: 0.01743690
pca_13: 0.01647576
pca_14: 0.01608958
pca_15: 0.01592563
pca_16: 0.01589561
pca_17: 0.01579296
pca_18: 0.01525122
pca_19: 0.01446199
pca_20: 0.01394818
pca_21: 0.01313996
pca_22: 0.01293208
pca_23: 0.01216896
pca_24: 0.01079336
pca_25: 0.01018961
pca_26: 0.00948197
pca_27: 0.00874557
pca_28: 0.00817515
pca_29: 0.00797780
pca_30: 0.00776700
pca_31: 0.00736873
pca_32: 0.00639676
pca_33: 0.00593893
pca_34: 0.00486366
pca_35: 0.00438738
pca_36: 0.00353178
pca_37: 0.00325082
pca_38: 0.00303511
pca_39: 0.00285708
pca_40: 0.00258292
pca_41: 0.00224192
pca_42: 0.00190322
pca_43: 0.00169497
pca_44: 0.00120535
pca_45: 0.00106521
pca_46: 0.00096431
pca_47: 0.00081718
pca_48: 0.00071414
pca_49: 0.00066577
pca_50: 0.00048395
pca_51: 0.00045026
pca_52: 0.00028022
pca_53: 0.00027905
pca_54: 0.00025475
pca_55: 0.00015937
pca_56: 0.00009905
pca_57: 0.00008811
pca_58: 0.00001725
pca_59: 0.00000672
pca_60: 0.00000000
pca_61: 0.00000000
pca_62: 0.00000000
pca_63: 0.00000000
pca_64: 0.00000000
